{
 "cells": [
  {
   "cell_type": "markdown",
   "metadata": {
    "application/vnd.databricks.v1+cell": {
     "cellMetadata": {
      "byteLimit": 2048000,
      "rowLimit": 10000
     },
     "inputWidgets": {},
     "nuid": "1150ad03-d27d-41cd-9d3e-5d717b80a08e",
     "showTitle": false,
     "title": ""
    }
   },
   "source": [
    "## First we install Python packages and initialize our globals"
   ]
  },
  {
   "cell_type": "code",
   "execution_count": null,
   "metadata": {
    "application/vnd.databricks.v1+cell": {
     "cellMetadata": {
      "byteLimit": 2048000,
      "rowLimit": 10000
     },
     "inputWidgets": {},
     "nuid": "d21f0fd2-c1cd-42a5-854b-8380b7ee0e0c",
     "showTitle": false,
     "title": ""
    }
   },
   "outputs": [],
   "source": [
    "%pip install -r ../requirements.txt\n",
    "%load_ext autoreload\n",
    "%autoreload 2\n",
    "# add project dir to python path\n",
    "try:\n",
    "    notebook_path = dbutils.notebook.entry_point.getDbutils().notebook().getContext().notebookPath().get()\n",
    "    import sys, os\n",
    "    sys.path.append(\"/Workspace\" + os.path.dirname(os.path.dirname(notebook_path)))\n",
    "except:\n",
    "    pass"
   ]
  },
  {
   "cell_type": "code",
   "execution_count": 1,
   "metadata": {},
   "outputs": [
    {
     "name": "stdout",
     "output_type": "stream",
     "text": [
      "DOGFOOD_OAUTH\n"
     ]
    }
   ],
   "source": [
    "from databricks.connect import DatabricksSession\n",
    "profile = os.environ.get(\"DATABRICKS_CONFIG_PROFILE\")\n",
    "spark = DatabricksSession.builder.serverless().profile(profile).getOrCreate()"
   ]
  },
  {
   "cell_type": "code",
   "execution_count": 3,
   "metadata": {
    "application/vnd.databricks.v1+cell": {
     "cellMetadata": {
      "byteLimit": 2048000,
      "rowLimit": 10000
     },
     "inputWidgets": {},
     "nuid": "db31f2e5-6f73-4b4a-9735-48e5fb1a4cea",
     "showTitle": false,
     "title": ""
    }
   },
   "outputs": [],
   "source": [
    "# load table into spark dataframe\n",
    "cows_bff = spark.read.table(\"kmahoney.db.cows_bff\")"
   ]
  },
  {
   "cell_type": "markdown",
   "metadata": {
    "application/vnd.databricks.v1+cell": {
     "cellMetadata": {
      "byteLimit": 2048000,
      "rowLimit": 10000
     },
     "inputWidgets": {},
     "nuid": "a06f52cf-3601-4fa5-8041-bd1df249f2be",
     "showTitle": false,
     "title": ""
    }
   },
   "source": [
    "## Lets compute meal overlap"
   ]
  },
  {
   "cell_type": "code",
   "execution_count": 4,
   "metadata": {
    "application/vnd.databricks.v1+cell": {
     "cellMetadata": {
      "byteLimit": 2048000,
      "rowLimit": 10000
     },
     "inputWidgets": {},
     "nuid": "6ede41bc-a962-43a3-afe2-1df2564d1c07",
     "showTitle": false,
     "title": ""
    }
   },
   "outputs": [
    {
     "data": {
      "text/html": [
       "<table border=\"1\" class=\"dataframe\">\n",
       "  <thead>\n",
       "    <tr style=\"text-align: right;\">\n",
       "      <th></th>\n",
       "      <th>cow1</th>\n",
       "      <th>cow2</th>\n",
       "      <th>closeness</th>\n",
       "    </tr>\n",
       "  </thead>\n",
       "  <tbody>\n",
       "    <tr>\n",
       "      <th>0</th>\n",
       "      <td>Brandy</td>\n",
       "      <td>Buttercup</td>\n",
       "      <td>430.846154</td>\n",
       "    </tr>\n",
       "    <tr>\n",
       "      <th>1</th>\n",
       "      <td>Brandy</td>\n",
       "      <td>Butterscotch</td>\n",
       "      <td>419.384615</td>\n",
       "    </tr>\n",
       "    <tr>\n",
       "      <th>2</th>\n",
       "      <td>Brandy</td>\n",
       "      <td>Cocoa</td>\n",
       "      <td>330.307692</td>\n",
       "    </tr>\n",
       "    <tr>\n",
       "      <th>3</th>\n",
       "      <td>Brandy</td>\n",
       "      <td>Daisy</td>\n",
       "      <td>370.615385</td>\n",
       "    </tr>\n",
       "    <tr>\n",
       "      <th>4</th>\n",
       "      <td>Brandy</td>\n",
       "      <td>Dottie</td>\n",
       "      <td>257.769231</td>\n",
       "    </tr>\n",
       "    <tr>\n",
       "      <th>5</th>\n",
       "      <td>Brandy</td>\n",
       "      <td>Hershey</td>\n",
       "      <td>634.769231</td>\n",
       "    </tr>\n",
       "    <tr>\n",
       "      <th>6</th>\n",
       "      <td>Brandy</td>\n",
       "      <td>Magic</td>\n",
       "      <td>448.461538</td>\n",
       "    </tr>\n",
       "    <tr>\n",
       "      <th>7</th>\n",
       "      <td>Brandy</td>\n",
       "      <td>Marshmallow</td>\n",
       "      <td>456.461538</td>\n",
       "    </tr>\n",
       "    <tr>\n",
       "      <th>8</th>\n",
       "      <td>Brandy</td>\n",
       "      <td>Mocha</td>\n",
       "      <td>330.307692</td>\n",
       "    </tr>\n",
       "    <tr>\n",
       "      <th>9</th>\n",
       "      <td>Brandy</td>\n",
       "      <td>Muffin</td>\n",
       "      <td>352.307692</td>\n",
       "    </tr>\n",
       "  </tbody>\n",
       "</table>"
      ],
      "text/plain": [
       "DataFrame[cow1: string, cow2: string, closeness: double]"
      ]
     },
     "metadata": {},
     "output_type": "display_data"
    }
   ],
   "source": [
    "from cow_bff.heatmap import compute_heatmap\n",
    "\n",
    "df = compute_heatmap(cows_bff)\n",
    "display(df.limit(10))"
   ]
  },
  {
   "cell_type": "markdown",
   "metadata": {
    "application/vnd.databricks.v1+cell": {
     "cellMetadata": {
      "byteLimit": 2048000,
      "rowLimit": 10000
     },
     "inputWidgets": {},
     "nuid": "528c3a06-31c6-4124-b702-8052b7e3a821",
     "showTitle": false,
     "title": ""
    }
   },
   "source": [
    "# Display Heatmap"
   ]
  },
  {
   "cell_type": "code",
   "execution_count": 4,
   "metadata": {
    "application/vnd.databricks.v1+cell": {
     "cellMetadata": {
      "byteLimit": 2048000,
      "rowLimit": 10000
     },
     "inputWidgets": {},
     "nuid": "65567936-669a-402d-b4c2-ddc1afc9465d",
     "showTitle": false,
     "title": ""
    }
   },
   "outputs": [
    {
     "data": {
      "application/vnd.plotly.v1+json": {
       "config": {
        "plotlyServerURL": "https://plot.ly"
       },
       "data": [
        {
         "coloraxis": "coloraxis",
         "hovertemplate": "Cow 2: %{x}<br>Cow 1: %{y}<br>closeness: %{z}<extra></extra>",
         "name": "0",
         "type": "heatmap",
         "x": [
          "Brandy",
          "Buttercup",
          "Butterscotch",
          "Cocoa",
          "Daisy",
          "Dottie",
          "Hershey",
          "Magic",
          "Marshmallow",
          "Mocha",
          "Muffin",
          "Nellie",
          "Nutella",
          "Peaches",
          "Popcorn"
         ],
         "xaxis": "x",
         "y": [
          "Brandy",
          "Buttercup",
          "Butterscotch",
          "Cocoa",
          "Daisy",
          "Dottie",
          "Hershey",
          "Magic",
          "Marshmallow",
          "Mocha",
          "Muffin",
          "Nellie",
          "Nutella",
          "Peaches",
          "Popcorn"
         ],
         "yaxis": "y",
         "z": [
          [
           0,
           430.84615384615387,
           419.38461538461536,
           330.3076923076923,
           370.61538461538464,
           257.7692307692308,
           634.7692307692307,
           448.46153846153845,
           456.46153846153845,
           330.3076923076923,
           352.3076923076923,
           367.6923076923077,
           335.6923076923077,
           376.3076923076923,
           500.46153846153845
          ],
          [
           430.84615384615387,
           0,
           352.6923076923077,
           340.3076923076923,
           374.3076923076923,
           240.15384615384616,
           497.53846153846155,
           323.53846153846155,
           328.15384615384613,
           340.3076923076923,
           456.6923076923077,
           383.3076923076923,
           391.53846153846155,
           436.9230769230769,
           380
          ],
          [
           419.38461538461536,
           352.6923076923077,
           0,
           428.15384615384613,
           490.7692307692308,
           377.6923076923077,
           612.3846153846154,
           475.53846153846155,
           438.0769230769231,
           428.15384615384613,
           365.0769230769231,
           396,
           248,
           414.3076923076923,
           496
          ],
          [
           330.3076923076923,
           340.3076923076923,
           428.15384615384613,
           0,
           441.61538461538464,
           256.38461538461536,
           509.38461538461536,
           286.61538461538464,
           293.7692307692308,
           898.1538461538462,
           372.15384615384613,
           282.61538461538464,
           220.46153846153845,
           433.0769230769231,
           423.3076923076923
          ],
          [
           370.61538461538464,
           374.3076923076923,
           490.7692307692308,
           441.61538461538464,
           0,
           318.46153846153845,
           493.2307692307692,
           276.0769230769231,
           382.3076923076923,
           441.61538461538464,
           401.84615384615387,
           569.8461538461538,
           401.9230769230769,
           561.6153846153846,
           399.9230769230769
          ],
          [
           257.7692307692308,
           240.15384615384616,
           377.6923076923077,
           256.38461538461536,
           318.46153846153845,
           0,
           347.38461538461536,
           274.15384615384613,
           454.61538461538464,
           256.38461538461536,
           173.6153846153846,
           195.30769230769232,
           227.84615384615384,
           350.53846153846155,
           331.53846153846155
          ],
          [
           634.7692307692307,
           497.53846153846155,
           612.3846153846154,
           509.38461538461536,
           493.2307692307692,
           347.38461538461536,
           0,
           659.0769230769231,
           512.7692307692307,
           509.38461538461536,
           565.3076923076923,
           558.0769230769231,
           492.6923076923077,
           524.1538461538462,
           846.2307692307693
          ],
          [
           448.46153846153845,
           323.53846153846155,
           475.53846153846155,
           286.61538461538464,
           276.0769230769231,
           274.15384615384613,
           659.0769230769231,
           0,
           400.9230769230769,
           286.61538461538464,
           397,
           362.2307692307692,
           272.6923076923077,
           302.7692307692308,
           513.7692307692307
          ],
          [
           456.46153846153845,
           328.15384615384613,
           438.0769230769231,
           293.7692307692308,
           382.3076923076923,
           454.61538461538464,
           512.7692307692307,
           400.9230769230769,
           0,
           293.7692307692308,
           467.9230769230769,
           435.46153846153845,
           317.0769230769231,
           578.1538461538462,
           435
          ],
          [
           330.3076923076923,
           340.3076923076923,
           428.15384615384613,
           898.1538461538462,
           441.61538461538464,
           256.38461538461536,
           509.38461538461536,
           286.61538461538464,
           293.7692307692308,
           0,
           372.15384615384613,
           282.61538461538464,
           220.46153846153845,
           433.0769230769231,
           423.3076923076923
          ],
          [
           352.3076923076923,
           456.6923076923077,
           365.0769230769231,
           372.15384615384613,
           401.84615384615387,
           173.6153846153846,
           565.3076923076923,
           397,
           467.9230769230769,
           372.15384615384613,
           0,
           363.46153846153845,
           343.3076923076923,
           449.7692307692308,
           429.84615384615387
          ],
          [
           367.6923076923077,
           383.3076923076923,
           396,
           282.61538461538464,
           569.8461538461538,
           195.30769230769232,
           558.0769230769231,
           362.2307692307692,
           435.46153846153845,
           282.61538461538464,
           363.46153846153845,
           0,
           302.2307692307692,
           585.6923076923077,
           433.84615384615387
          ],
          [
           335.6923076923077,
           391.53846153846155,
           248,
           220.46153846153845,
           401.9230769230769,
           227.84615384615384,
           492.6923076923077,
           272.6923076923077,
           317.0769230769231,
           220.46153846153845,
           343.3076923076923,
           302.2307692307692,
           0,
           344,
           453.6923076923077
          ],
          [
           376.3076923076923,
           436.9230769230769,
           414.3076923076923,
           433.0769230769231,
           561.6153846153846,
           350.53846153846155,
           524.1538461538462,
           302.7692307692308,
           578.1538461538462,
           433.0769230769231,
           449.7692307692308,
           585.6923076923077,
           344,
           0,
           458.15384615384613
          ],
          [
           500.46153846153845,
           380,
           496,
           423.3076923076923,
           399.9230769230769,
           331.53846153846155,
           846.2307692307693,
           513.7692307692307,
           435,
           423.3076923076923,
           429.84615384615387,
           433.84615384615387,
           453.6923076923077,
           458.15384615384613,
           0
          ]
         ]
        }
       ],
       "layout": {
        "coloraxis": {
         "colorbar": {
          "title": {
           "text": "closeness"
          }
         },
         "colorscale": [
          [
           0,
           "rgb(246, 210, 169)"
          ],
          [
           0.16666666666666666,
           "rgb(245, 183, 142)"
          ],
          [
           0.3333333333333333,
           "rgb(241, 156, 124)"
          ],
          [
           0.5,
           "rgb(234, 129, 113)"
          ],
          [
           0.6666666666666666,
           "rgb(221, 104, 108)"
          ],
          [
           0.8333333333333334,
           "rgb(202, 82, 104)"
          ],
          [
           1,
           "rgb(177, 63, 100)"
          ]
         ]
        },
        "height": 500,
        "template": {
         "data": {
          "bar": [
           {
            "error_x": {
             "color": "#2a3f5f"
            },
            "error_y": {
             "color": "#2a3f5f"
            },
            "marker": {
             "line": {
              "color": "#E5ECF6",
              "width": 0.5
             },
             "pattern": {
              "fillmode": "overlay",
              "size": 10,
              "solidity": 0.2
             }
            },
            "type": "bar"
           }
          ],
          "barpolar": [
           {
            "marker": {
             "line": {
              "color": "#E5ECF6",
              "width": 0.5
             },
             "pattern": {
              "fillmode": "overlay",
              "size": 10,
              "solidity": 0.2
             }
            },
            "type": "barpolar"
           }
          ],
          "carpet": [
           {
            "aaxis": {
             "endlinecolor": "#2a3f5f",
             "gridcolor": "white",
             "linecolor": "white",
             "minorgridcolor": "white",
             "startlinecolor": "#2a3f5f"
            },
            "baxis": {
             "endlinecolor": "#2a3f5f",
             "gridcolor": "white",
             "linecolor": "white",
             "minorgridcolor": "white",
             "startlinecolor": "#2a3f5f"
            },
            "type": "carpet"
           }
          ],
          "choropleth": [
           {
            "colorbar": {
             "outlinewidth": 0,
             "ticks": ""
            },
            "type": "choropleth"
           }
          ],
          "contour": [
           {
            "colorbar": {
             "outlinewidth": 0,
             "ticks": ""
            },
            "colorscale": [
             [
              0,
              "#0d0887"
             ],
             [
              0.1111111111111111,
              "#46039f"
             ],
             [
              0.2222222222222222,
              "#7201a8"
             ],
             [
              0.3333333333333333,
              "#9c179e"
             ],
             [
              0.4444444444444444,
              "#bd3786"
             ],
             [
              0.5555555555555556,
              "#d8576b"
             ],
             [
              0.6666666666666666,
              "#ed7953"
             ],
             [
              0.7777777777777778,
              "#fb9f3a"
             ],
             [
              0.8888888888888888,
              "#fdca26"
             ],
             [
              1,
              "#f0f921"
             ]
            ],
            "type": "contour"
           }
          ],
          "contourcarpet": [
           {
            "colorbar": {
             "outlinewidth": 0,
             "ticks": ""
            },
            "type": "contourcarpet"
           }
          ],
          "heatmap": [
           {
            "colorbar": {
             "outlinewidth": 0,
             "ticks": ""
            },
            "colorscale": [
             [
              0,
              "#0d0887"
             ],
             [
              0.1111111111111111,
              "#46039f"
             ],
             [
              0.2222222222222222,
              "#7201a8"
             ],
             [
              0.3333333333333333,
              "#9c179e"
             ],
             [
              0.4444444444444444,
              "#bd3786"
             ],
             [
              0.5555555555555556,
              "#d8576b"
             ],
             [
              0.6666666666666666,
              "#ed7953"
             ],
             [
              0.7777777777777778,
              "#fb9f3a"
             ],
             [
              0.8888888888888888,
              "#fdca26"
             ],
             [
              1,
              "#f0f921"
             ]
            ],
            "type": "heatmap"
           }
          ],
          "heatmapgl": [
           {
            "colorbar": {
             "outlinewidth": 0,
             "ticks": ""
            },
            "colorscale": [
             [
              0,
              "#0d0887"
             ],
             [
              0.1111111111111111,
              "#46039f"
             ],
             [
              0.2222222222222222,
              "#7201a8"
             ],
             [
              0.3333333333333333,
              "#9c179e"
             ],
             [
              0.4444444444444444,
              "#bd3786"
             ],
             [
              0.5555555555555556,
              "#d8576b"
             ],
             [
              0.6666666666666666,
              "#ed7953"
             ],
             [
              0.7777777777777778,
              "#fb9f3a"
             ],
             [
              0.8888888888888888,
              "#fdca26"
             ],
             [
              1,
              "#f0f921"
             ]
            ],
            "type": "heatmapgl"
           }
          ],
          "histogram": [
           {
            "marker": {
             "pattern": {
              "fillmode": "overlay",
              "size": 10,
              "solidity": 0.2
             }
            },
            "type": "histogram"
           }
          ],
          "histogram2d": [
           {
            "colorbar": {
             "outlinewidth": 0,
             "ticks": ""
            },
            "colorscale": [
             [
              0,
              "#0d0887"
             ],
             [
              0.1111111111111111,
              "#46039f"
             ],
             [
              0.2222222222222222,
              "#7201a8"
             ],
             [
              0.3333333333333333,
              "#9c179e"
             ],
             [
              0.4444444444444444,
              "#bd3786"
             ],
             [
              0.5555555555555556,
              "#d8576b"
             ],
             [
              0.6666666666666666,
              "#ed7953"
             ],
             [
              0.7777777777777778,
              "#fb9f3a"
             ],
             [
              0.8888888888888888,
              "#fdca26"
             ],
             [
              1,
              "#f0f921"
             ]
            ],
            "type": "histogram2d"
           }
          ],
          "histogram2dcontour": [
           {
            "colorbar": {
             "outlinewidth": 0,
             "ticks": ""
            },
            "colorscale": [
             [
              0,
              "#0d0887"
             ],
             [
              0.1111111111111111,
              "#46039f"
             ],
             [
              0.2222222222222222,
              "#7201a8"
             ],
             [
              0.3333333333333333,
              "#9c179e"
             ],
             [
              0.4444444444444444,
              "#bd3786"
             ],
             [
              0.5555555555555556,
              "#d8576b"
             ],
             [
              0.6666666666666666,
              "#ed7953"
             ],
             [
              0.7777777777777778,
              "#fb9f3a"
             ],
             [
              0.8888888888888888,
              "#fdca26"
             ],
             [
              1,
              "#f0f921"
             ]
            ],
            "type": "histogram2dcontour"
           }
          ],
          "mesh3d": [
           {
            "colorbar": {
             "outlinewidth": 0,
             "ticks": ""
            },
            "type": "mesh3d"
           }
          ],
          "parcoords": [
           {
            "line": {
             "colorbar": {
              "outlinewidth": 0,
              "ticks": ""
             }
            },
            "type": "parcoords"
           }
          ],
          "pie": [
           {
            "automargin": true,
            "type": "pie"
           }
          ],
          "scatter": [
           {
            "fillpattern": {
             "fillmode": "overlay",
             "size": 10,
             "solidity": 0.2
            },
            "type": "scatter"
           }
          ],
          "scatter3d": [
           {
            "line": {
             "colorbar": {
              "outlinewidth": 0,
              "ticks": ""
             }
            },
            "marker": {
             "colorbar": {
              "outlinewidth": 0,
              "ticks": ""
             }
            },
            "type": "scatter3d"
           }
          ],
          "scattercarpet": [
           {
            "marker": {
             "colorbar": {
              "outlinewidth": 0,
              "ticks": ""
             }
            },
            "type": "scattercarpet"
           }
          ],
          "scattergeo": [
           {
            "marker": {
             "colorbar": {
              "outlinewidth": 0,
              "ticks": ""
             }
            },
            "type": "scattergeo"
           }
          ],
          "scattergl": [
           {
            "marker": {
             "colorbar": {
              "outlinewidth": 0,
              "ticks": ""
             }
            },
            "type": "scattergl"
           }
          ],
          "scattermapbox": [
           {
            "marker": {
             "colorbar": {
              "outlinewidth": 0,
              "ticks": ""
             }
            },
            "type": "scattermapbox"
           }
          ],
          "scatterpolar": [
           {
            "marker": {
             "colorbar": {
              "outlinewidth": 0,
              "ticks": ""
             }
            },
            "type": "scatterpolar"
           }
          ],
          "scatterpolargl": [
           {
            "marker": {
             "colorbar": {
              "outlinewidth": 0,
              "ticks": ""
             }
            },
            "type": "scatterpolargl"
           }
          ],
          "scatterternary": [
           {
            "marker": {
             "colorbar": {
              "outlinewidth": 0,
              "ticks": ""
             }
            },
            "type": "scatterternary"
           }
          ],
          "surface": [
           {
            "colorbar": {
             "outlinewidth": 0,
             "ticks": ""
            },
            "colorscale": [
             [
              0,
              "#0d0887"
             ],
             [
              0.1111111111111111,
              "#46039f"
             ],
             [
              0.2222222222222222,
              "#7201a8"
             ],
             [
              0.3333333333333333,
              "#9c179e"
             ],
             [
              0.4444444444444444,
              "#bd3786"
             ],
             [
              0.5555555555555556,
              "#d8576b"
             ],
             [
              0.6666666666666666,
              "#ed7953"
             ],
             [
              0.7777777777777778,
              "#fb9f3a"
             ],
             [
              0.8888888888888888,
              "#fdca26"
             ],
             [
              1,
              "#f0f921"
             ]
            ],
            "type": "surface"
           }
          ],
          "table": [
           {
            "cells": {
             "fill": {
              "color": "#EBF0F8"
             },
             "line": {
              "color": "white"
             }
            },
            "header": {
             "fill": {
              "color": "#C8D4E3"
             },
             "line": {
              "color": "white"
             }
            },
            "type": "table"
           }
          ]
         },
         "layout": {
          "annotationdefaults": {
           "arrowcolor": "#2a3f5f",
           "arrowhead": 0,
           "arrowwidth": 1
          },
          "autotypenumbers": "strict",
          "coloraxis": {
           "colorbar": {
            "outlinewidth": 0,
            "ticks": ""
           }
          },
          "colorscale": {
           "diverging": [
            [
             0,
             "#8e0152"
            ],
            [
             0.1,
             "#c51b7d"
            ],
            [
             0.2,
             "#de77ae"
            ],
            [
             0.3,
             "#f1b6da"
            ],
            [
             0.4,
             "#fde0ef"
            ],
            [
             0.5,
             "#f7f7f7"
            ],
            [
             0.6,
             "#e6f5d0"
            ],
            [
             0.7,
             "#b8e186"
            ],
            [
             0.8,
             "#7fbc41"
            ],
            [
             0.9,
             "#4d9221"
            ],
            [
             1,
             "#276419"
            ]
           ],
           "sequential": [
            [
             0,
             "#0d0887"
            ],
            [
             0.1111111111111111,
             "#46039f"
            ],
            [
             0.2222222222222222,
             "#7201a8"
            ],
            [
             0.3333333333333333,
             "#9c179e"
            ],
            [
             0.4444444444444444,
             "#bd3786"
            ],
            [
             0.5555555555555556,
             "#d8576b"
            ],
            [
             0.6666666666666666,
             "#ed7953"
            ],
            [
             0.7777777777777778,
             "#fb9f3a"
            ],
            [
             0.8888888888888888,
             "#fdca26"
            ],
            [
             1,
             "#f0f921"
            ]
           ],
           "sequentialminus": [
            [
             0,
             "#0d0887"
            ],
            [
             0.1111111111111111,
             "#46039f"
            ],
            [
             0.2222222222222222,
             "#7201a8"
            ],
            [
             0.3333333333333333,
             "#9c179e"
            ],
            [
             0.4444444444444444,
             "#bd3786"
            ],
            [
             0.5555555555555556,
             "#d8576b"
            ],
            [
             0.6666666666666666,
             "#ed7953"
            ],
            [
             0.7777777777777778,
             "#fb9f3a"
            ],
            [
             0.8888888888888888,
             "#fdca26"
            ],
            [
             1,
             "#f0f921"
            ]
           ]
          },
          "colorway": [
           "#636efa",
           "#EF553B",
           "#00cc96",
           "#ab63fa",
           "#FFA15A",
           "#19d3f3",
           "#FF6692",
           "#B6E880",
           "#FF97FF",
           "#FECB52"
          ],
          "font": {
           "color": "#2a3f5f"
          },
          "geo": {
           "bgcolor": "white",
           "lakecolor": "white",
           "landcolor": "#E5ECF6",
           "showlakes": true,
           "showland": true,
           "subunitcolor": "white"
          },
          "hoverlabel": {
           "align": "left"
          },
          "hovermode": "closest",
          "mapbox": {
           "style": "light"
          },
          "paper_bgcolor": "white",
          "plot_bgcolor": "#E5ECF6",
          "polar": {
           "angularaxis": {
            "gridcolor": "white",
            "linecolor": "white",
            "ticks": ""
           },
           "bgcolor": "#E5ECF6",
           "radialaxis": {
            "gridcolor": "white",
            "linecolor": "white",
            "ticks": ""
           }
          },
          "scene": {
           "xaxis": {
            "backgroundcolor": "#E5ECF6",
            "gridcolor": "white",
            "gridwidth": 2,
            "linecolor": "white",
            "showbackground": true,
            "ticks": "",
            "zerolinecolor": "white"
           },
           "yaxis": {
            "backgroundcolor": "#E5ECF6",
            "gridcolor": "white",
            "gridwidth": 2,
            "linecolor": "white",
            "showbackground": true,
            "ticks": "",
            "zerolinecolor": "white"
           },
           "zaxis": {
            "backgroundcolor": "#E5ECF6",
            "gridcolor": "white",
            "gridwidth": 2,
            "linecolor": "white",
            "showbackground": true,
            "ticks": "",
            "zerolinecolor": "white"
           }
          },
          "shapedefaults": {
           "line": {
            "color": "#2a3f5f"
           }
          },
          "ternary": {
           "aaxis": {
            "gridcolor": "white",
            "linecolor": "white",
            "ticks": ""
           },
           "baxis": {
            "gridcolor": "white",
            "linecolor": "white",
            "ticks": ""
           },
           "bgcolor": "#E5ECF6",
           "caxis": {
            "gridcolor": "white",
            "linecolor": "white",
            "ticks": ""
           }
          },
          "title": {
           "x": 0.05
          },
          "xaxis": {
           "automargin": true,
           "gridcolor": "white",
           "linecolor": "white",
           "ticks": "",
           "title": {
            "standoff": 15
           },
           "zerolinecolor": "white",
           "zerolinewidth": 2
          },
          "yaxis": {
           "automargin": true,
           "gridcolor": "white",
           "linecolor": "white",
           "ticks": "",
           "title": {
            "standoff": 15
           },
           "zerolinecolor": "white",
           "zerolinewidth": 2
          }
         }
        },
        "title": {
         "text": "Cow BFFs"
        },
        "width": 800,
        "xaxis": {
         "anchor": "y",
         "constrain": "domain",
         "domain": [
          0,
          1
         ],
         "scaleanchor": "y",
         "title": {
          "text": "Cow 2"
         }
        },
        "yaxis": {
         "anchor": "x",
         "autorange": "reversed",
         "constrain": "domain",
         "domain": [
          0,
          1
         ],
         "title": {
          "text": "Cow 1"
         }
        }
       }
      }
     },
     "metadata": {},
     "output_type": "display_data"
    }
   ],
   "source": [
    "pdf = df.toPandas()\n",
    "pdf = pdf.pivot(index='cow1', columns='cow2', values='closeness').fillna(0)\n",
    "\n",
    "import plotly.express as px\n",
    "fig = px.imshow(pdf, x=pdf.columns, y=pdf.index, labels=dict(x=\"Cow 2\", y=\"Cow 1\", color=\"closeness\"), title=\"Cow BFFs\", color_continuous_scale='redor')\n",
    "px.imshow(pdf, x=pdf.columns, y=pdf.index, labels=dict(x=\"Cow 2\", y=\"Cow 1\", color=\"closeness\"),)\n",
    "\n",
    "fig.update_layout(width=800,height=500)\n",
    "fig.show()"
   ]
  },
  {
   "cell_type": "code",
   "execution_count": 5,
   "metadata": {
    "application/vnd.databricks.v1+cell": {
     "cellMetadata": {
      "byteLimit": 2048000,
      "rowLimit": 10000
     },
     "inputWidgets": {},
     "nuid": "8af2d258-2667-4e01-bf77-1f9fe063ffea",
     "showTitle": true,
     "title": "Verify with notebook viz"
    }
   },
   "outputs": [
    {
     "data": {
      "text/html": [
       "<table border=\"1\" class=\"dataframe\">\n",
       "  <thead>\n",
       "    <tr style=\"text-align: right;\">\n",
       "      <th></th>\n",
       "      <th>cow1</th>\n",
       "      <th>cow2</th>\n",
       "      <th>closeness</th>\n",
       "    </tr>\n",
       "  </thead>\n",
       "  <tbody>\n",
       "    <tr>\n",
       "      <th>0</th>\n",
       "      <td>Brandy</td>\n",
       "      <td>Buttercup</td>\n",
       "      <td>430.846154</td>\n",
       "    </tr>\n",
       "    <tr>\n",
       "      <th>1</th>\n",
       "      <td>Brandy</td>\n",
       "      <td>Butterscotch</td>\n",
       "      <td>419.384615</td>\n",
       "    </tr>\n",
       "    <tr>\n",
       "      <th>2</th>\n",
       "      <td>Brandy</td>\n",
       "      <td>Cocoa</td>\n",
       "      <td>330.307692</td>\n",
       "    </tr>\n",
       "    <tr>\n",
       "      <th>3</th>\n",
       "      <td>Brandy</td>\n",
       "      <td>Daisy</td>\n",
       "      <td>370.615385</td>\n",
       "    </tr>\n",
       "    <tr>\n",
       "      <th>4</th>\n",
       "      <td>Brandy</td>\n",
       "      <td>Dottie</td>\n",
       "      <td>257.769231</td>\n",
       "    </tr>\n",
       "    <tr>\n",
       "      <th>5</th>\n",
       "      <td>Brandy</td>\n",
       "      <td>Hershey</td>\n",
       "      <td>634.769231</td>\n",
       "    </tr>\n",
       "    <tr>\n",
       "      <th>6</th>\n",
       "      <td>Brandy</td>\n",
       "      <td>Magic</td>\n",
       "      <td>448.461538</td>\n",
       "    </tr>\n",
       "    <tr>\n",
       "      <th>7</th>\n",
       "      <td>Brandy</td>\n",
       "      <td>Marshmallow</td>\n",
       "      <td>456.461538</td>\n",
       "    </tr>\n",
       "    <tr>\n",
       "      <th>8</th>\n",
       "      <td>Brandy</td>\n",
       "      <td>Mocha</td>\n",
       "      <td>330.307692</td>\n",
       "    </tr>\n",
       "    <tr>\n",
       "      <th>9</th>\n",
       "      <td>Brandy</td>\n",
       "      <td>Muffin</td>\n",
       "      <td>352.307692</td>\n",
       "    </tr>\n",
       "    <tr>\n",
       "      <th>10</th>\n",
       "      <td>Brandy</td>\n",
       "      <td>Nellie</td>\n",
       "      <td>367.692308</td>\n",
       "    </tr>\n",
       "    <tr>\n",
       "      <th>11</th>\n",
       "      <td>Brandy</td>\n",
       "      <td>Nutella</td>\n",
       "      <td>335.692308</td>\n",
       "    </tr>\n",
       "    <tr>\n",
       "      <th>12</th>\n",
       "      <td>Brandy</td>\n",
       "      <td>Peaches</td>\n",
       "      <td>376.307692</td>\n",
       "    </tr>\n",
       "    <tr>\n",
       "      <th>13</th>\n",
       "      <td>Brandy</td>\n",
       "      <td>Popcorn</td>\n",
       "      <td>500.461538</td>\n",
       "    </tr>\n",
       "    <tr>\n",
       "      <th>14</th>\n",
       "      <td>Buttercup</td>\n",
       "      <td>Brandy</td>\n",
       "      <td>430.846154</td>\n",
       "    </tr>\n",
       "    <tr>\n",
       "      <th>15</th>\n",
       "      <td>Buttercup</td>\n",
       "      <td>Butterscotch</td>\n",
       "      <td>352.692308</td>\n",
       "    </tr>\n",
       "    <tr>\n",
       "      <th>16</th>\n",
       "      <td>Buttercup</td>\n",
       "      <td>Cocoa</td>\n",
       "      <td>340.307692</td>\n",
       "    </tr>\n",
       "    <tr>\n",
       "      <th>17</th>\n",
       "      <td>Buttercup</td>\n",
       "      <td>Daisy</td>\n",
       "      <td>374.307692</td>\n",
       "    </tr>\n",
       "    <tr>\n",
       "      <th>18</th>\n",
       "      <td>Buttercup</td>\n",
       "      <td>Dottie</td>\n",
       "      <td>240.153846</td>\n",
       "    </tr>\n",
       "    <tr>\n",
       "      <th>19</th>\n",
       "      <td>Buttercup</td>\n",
       "      <td>Hershey</td>\n",
       "      <td>497.538462</td>\n",
       "    </tr>\n",
       "  </tbody>\n",
       "</table>"
      ],
      "text/plain": [
       "DataFrame[cow1: string, cow2: string, closeness: double]"
      ]
     },
     "metadata": {},
     "output_type": "display_data"
    }
   ],
   "source": [
    "display(df)"
   ]
  },
  {
   "cell_type": "code",
   "execution_count": null,
   "metadata": {
    "application/vnd.databricks.v1+cell": {
     "cellMetadata": {
      "byteLimit": 2048000,
      "rowLimit": 10000
     },
     "inputWidgets": {},
     "nuid": "eb42dbd8-9774-489b-a92d-a62d407b336b",
     "showTitle": false,
     "title": ""
    }
   },
   "outputs": [],
   "source": []
  }
 ],
 "metadata": {
  "application/vnd.databricks.v1+notebook": {
   "dashboards": [],
   "environmentMetadata": null,
   "language": "python",
   "notebookMetadata": {
    "mostRecentlyExecutedCommandWithImplicitDF": {
     "commandId": 1024381266358228,
     "dataframes": [
      "_sqldf"
     ]
    },
    "pythonIndentUnit": 4
   },
   "notebookName": "Cow BFF",
   "widgets": {}
  },
  "kernelspec": {
   "display_name": ".venv",
   "language": "python",
   "name": "python3"
  },
  "language_info": {
   "codemirror_mode": {
    "name": "ipython",
    "version": 3
   },
   "file_extension": ".py",
   "mimetype": "text/x-python",
   "name": "python",
   "nbconvert_exporter": "python",
   "pygments_lexer": "ipython3",
   "version": "3.10.12"
  }
 },
 "nbformat": 4,
 "nbformat_minor": 0
}
